20148 10122 9034 149968 1627 2543 
152 2558 307 710 150 6612 
5533 13169 3189 390576 5648 7210 
20674 31822 1744 164800 6511 29700 
7184 4855 2260 937712 2244 7915 
3491 1321 0 257088 582 2441 
26179 42692 5303 3122960 11180 30400 
3528 19085 3572 80752 11635 8259 
554 956 381 586 288 944 
831 3578 2180 87344 2225 2995 
1014 2794 1662 461 523 1591 
933 3164 1867 18128 7275 4359 
736 5127 1811 102176 790 6202 
991 1556 2453 32960 1261 1642 
39819 34513 0 237312 24393 31300 
4385 11046 6299 70864 4769 4169 
8765 27541 6825 95584 7480 41900 
3319 15449 3842 189520 91335 10300 
156 1608 177 39552 235 1260 
1213 19888 5884 108768 2268 5652 
476 2621 1344 70864 554 1250 
13649 19031 5672 349376 10925 18100 
671 4824 209 21424 1175 4669 
269 1849 657 619 319 2857 
10120 31578 4522 202704 30009 52300 
2664 5381 8903 41200 4404 1413 
4253 9472 4942 204352 2783 6036 
251 15665 1513 681 245 880 
24392 94359 4906 636128 59680 104500 
185 1396 342 705 297 1186 
873 3597 195 570208 217 1236 
3206 7007 2216 75808 2710 7320 
1557 7658 163 870 1104 576 
1522 1056 0 319 169 1218 
2466 5350 1873 44496 2463 1366 
11908 33016 4737 1127232 73738 34800 
9308 20156 2975 481216 61203 2994 
9419 3396 1444 60976 961 2639 
2372 34762 1371 117008 7540 2080 
13064 104065 7029 775702 14701 66400 
1296 7694 319 398816 4093 2613 
501 2269 2603 3296 297 1253 
2064 38330 535 118656 28058 23100 
8097 7689 5283 141728 2924 4896 
365 5546 2059 21424 44 4645 
13733 75023 0 87344 22437 24900 
15562 47859 3393 281808 51600 71900 
11514 77096 5812 262032 38748 60400 
5570 8774 768 486 1282 4031 
8312 6342 0 82400 5322 13100 
10719 18182 4528 64272 8370 14000 
3886 3919 356 284 724 890 
1287 2451 64 498 326 1791 
3076 3901 1887 118656 625 929 
12567 14135 4954 189520 11475 29100 
598 2563 1504 818 9084 1786 
10109 78753 1315 3259744 22907 69600 
4822 7668 5576 446608 668 3903 
1084 4060 138 47792 16003 2272 
3556 9449 1276 79104 1054 9268 
1346 2550 992 13184 782 934 
4843 1894 722 95584 492 3340 
4027 2035 2921 364208 352 1246 
1594 8753 2022 19776 23930 2798 
10718 7547 2301 372448 1258 4122 
6445 22933 914 23072 2836 5943 
9898 11713 5495 143376 1688 6076 
3830 16338 4533 1117344 3691 16200 
26455 37831 6007 395520 21061 46500 
20039 35949 7931 115360 15682 36500 
5319 20274 3956 52736 7217 14700 
20978 45647 8425 201056 24794 41100 
413 2657 4245 548 1651 4037 
399 2642 1273 120304 1801 1158 
7326 42181 3879 121952 24166 32900 
24459 296662 4857 2799952 218204 197500 
21908 27444 2953 110416 2770 2256 
20717 17138 5726 82400 8643 7708 
16083 23567 6063 520768 11360 46400 
8127 57394 3362 1786432 8616 40800 
27782 40381 5250 49 4075 10200 
15725 39618 4352 360912 2612 33000 
17874 25860 5100 509232 7123 11800 
13605 35164 3058 311472 70088 47800 
